20110625230710	
20110625230718	
20110625231450	
20110625231453	
20110625231457	
20110625231500	
20110625231504	
20110625232402	555
20110625233024	5554
20110625233751	55
20110625233757	550
20110625234524	72
20110625234527	72
20110625235002	5
20110625235005	5
20110625235954	
20110625235958	88
20110626010359	80
20110626022330	80
20110626034903	800
20110626153959	808
20110626155144	76
20110626184405	70
20110626191702	7
20110626192004	79
20110627005035	70
20110627194440	700
20110703014600	70
20110703030028	72
